
Array Size = 14
    88    84     1    39    58    36    36    33    89    26
    63    71    13    38

Array Size = 37
  1001  1008  1008  1009  1013  1018  1020  1020  1022  1023
  1024  1026  1030  1030  1031  1035  1040  1044  1052  1055
  1056  1060  1064  1068  1070  1071  1073  1077  1078  1082
  1083  1086  1090  1094  1098  1098  1098

Array Size = 50
  2082  2037  2063  2077  2093  2091  2006  2085  2097  2019
  2055  2060  2051  2001  2076  2077  2066  2099  2078  2097
  2042  2019  2010  2036  2067  2038  2085  2016  2099  2084
  2091  2027  2090  2091  2083  2007  2040  2049  2005  2010
  2044  2091  2056  2057  2040  2093  2096  2082  2026  2007


Array Size = 24
  3001  3004  3006  3009  3014  3015  3016  3034  3036  3037
  3045  3048  3053  3054  3058  3063  3066  3068  3080  3080
  3090  3094  3095  3097

Array Size = 62
  4050  4085  4085  4076  4099  4058  4083  4068  4008  4020
  4007  4026  4097  4031  4060  4032  4015  4038  4000  4078
  4002  4018  4076  4036  4022  4050  4064  4002  4089  4049
  4083  4059  4025  4032  4045  4057  4021  4031  4081  4026
  4025  4086  4019  4024  4059  4060  4061  4090  4073  4065
  4001  4028  4006  4086  4045  4078  4008  4065  4085  4016
  4046  4086

Array Size = 27
  5006  5007  5008  5010  5012  5015  5017  5027  5028  5032
  5036  5041  5042  5046  5046  5049  5053  5060  5064  5068
  5074  5079  5081  5086  5087  5087  5092

Array Size = 38
  6035  6037  6058  6045  6010  6017  6081  6093  6069  6076
  6003  6026  6023  6016  6098  6063  6066  6055  6060  6058
  6052  6006  6098  6084  6050  6049  6046  6075  6089  6070
  6009  6083  6094  6061  6039  6007  6093  6019

Array Size = 92
  7003  7003  7011  7011  7011  7012  7012  7015  7017  7018
  7019  7023  7023  7023  7023  7023  7024  7026  7026  7027
  7028  7030  7030  7030  7031  7033  7034  7035  7037  7038
  7039  7039  7041  7042  7046  7047  7048  7053  7054  7054
  7057  7059  7059  7059  7060  7060  7062  7063  7064  7065
  7066  7067  7067  7068  7069  7070  7070  7070  7070  7070
  7071  7072  7073  7074  7074  7076  7076  7077  7078  7079
  7079  7081  7082  7084  7084  7085  7086  7086  7087  7087
  7088  7090  7091  7092  7093  7093  7093  7093  7094  7094
  7097  7098

Array Size = 56
  8077  8000  8024  8063  8095  8027  8031  8078  8050  8046
  8012  8044  8031  8004  8086  8003  8039  8050  8085  8093
  8093  8091  8049  8019  8084  8051  8075  8072  8044  8011
  8003  8078  8094  8062  8065  8040  8006  8090  8087  8091
  8015  8007  8030  8071  8026  8089  8042  8097  8069  8079
  8095  8098  8087  8053  8095  8019

Array Size = 86
  9000  9001  9003  9004  9005  9006  9011  9011  9012  9012
  9013  9013  9013  9014  9014  9018  9020  9022  9022  9022
  9023  9024  9025  9026  9027  9028  9031  9032  9032  9033
  9034  9036  9037  9039  9041  9044  9045  9047  9047  9049
  9050  9052  9053  9053  9055  9055  9056  9057  9057  9062
  9065  9067  9067  9068  9068  9068  9069  9071  9071  9071
  9072  9074  9075  9076  9076  9077  9077  9077  9077  9079
  9081  9082  9082  9084  9084  9087  9089  9089  9090  9091
  9091  9094  9095  9097  9097  9099

Array Size = 91
 10049 10050 10003 10088 10020 10059 10051 10012 10089 10072
 10073 10099 10043 10094 10053 10099 10090 10039 10023 10083
 10033 10094 10081 10044 10039 10070 10084 10025 10002 10081
 10051 10073 10084 10043 10078 10050 10079 10058 10052 10097
 10074 10099 10086 10072 10085 10034 10086 10063 10013 10092
 10084 10070 10069 10008 10067 10050 10080 10024 10055 10095
 10065 10037 10022 10059 10052 10083 10020 10041 10081 10057
 10089 10090 10071 10045 10075 10078 10077 10006 10063 10028
 10093 10034 10038 10033 10013 10091 10072 10021 10000 10039
 10031

Array Size = 42
 11007 11013 11013 11014 11014 11014 11016 11017 11019 11022
 11022 11025 11027 11029 11029 11030 11031 11031 11035 11036
 11039 11040 11044 11050 11051 11052 11053 11061 11062 11065
 11069 11073 11075 11079 11082 11083 11084 11087 11091 11092
 11095 11098

Array Size = 46
 12043 12061 12080 12027 12089 12066 12043 12012 12003 12076
 12052 12027 12057 12000 12095 12096 12032 12032 12031 12030
 12095 12003 12039 12085 12052 12041 12076 12088 12041 12093
 12018 12078 12009 12083 12017 12066 12064 12038 12018 12093
 12054 12024 12098 12069 12052 12068

Array Size = 52
 13001 13004 13005 13008 13010 13014 13015 13018 13018 13019
 13024 13025 13026 13029 13032 13036 13037 13042 13044 13047
 13047 13050 13052 13054 13055 13056 13057 13057 13058 13061
 13062 13062 13063 13064 13065 13068 13070 13071 13071 13071
 13076 13076 13079 13080 13080 13081 13083 13083 13088 13089
 13094 13098

Array Size = 61
 14014 14097 14084 14025 14053 14006 14060 14072 14098 14008
 14069 14098 14026 14060 14051 14032 14046 14071 14021 14040
 14063 14005 14043 14097 14056 14097 14008 14075 14026 14011
 14044 14008 14029 14076 14006 14043 14014 14033 14023 14020
 14035 14030 14059 14030 14032 14091 14046 14047 14062 14033
 14047 14097 14069 14082 14073 14057 14019 14086 14053 14077
 14095

Array Size = 28
 15004 15008 15012 15014 15016 15017 15017 15021 15022 15023
 15032 15037 15041 15045 15047 15047 15053 15056 15065 15068
 15070 15071 15075 15075 15085 15093 15094 15094

Array Size = 41
 16096 16008 16096 16051 16063 16097 16000 16098 16012 16042
 16081 16095 16000 16066 16082 16012 16030 16051 16086 16081
 16010 16056 16005 16063 16030 16092 16034 16017 16097 16014
 16012 16080 16065 16019 16049 16079 16060 16088 16002 16008
 16008

Array Size = 32
 17002 17010 17011 17011 17012 17021 17026 17031 17037 17038
 17043 17047 17047 17048 17052 17056 17061 17066 17067 17068
 17070 17071 17075 17077 17083 17084 17086 17090 17094 17094
 17094 17096

Array Size = 15
 18025 18002 18086 18011 18069 18008 18081 18011 18062 18020
 18067 18000 18081 18054 18091

Array Size = 95
 19000 19001 19001 19002 19004 19005 19006 19006 19007 19009
 19009 19013 19013 19014 19014 19015 19015 19015 19016 19017
 19018 19018 19019 19020 19020 19020 19024 19026 19027 19027
 19029 19032 19033 19034 19035 19036 19036 19037 19038 19042
 19044 19044 19045 19046 19049 19049 19052 19052 19053 19055
 19055 19056 19057 19057 19059 19059 19059 19060 19060 19062
 19064 19065 19065 19065 19065 19066 19067 19069 19069 19070
 19070 19073 19073 19074 19074 19076 19079 19079 19079 19082
 19083 19085 19086 19086 19088 19088 19089 19090 19091 19091
 19092 19096 19097 19097 19099

Array Size = 83
 20094 20046 20031 20049 20018 20034 20055 20071 20026 20030
 20065 20086 20050 20063 20092 20081 20074 20046 20052 20045
 20006 20063 20012 20048 20009 20016 20082 20035 20059 20008
 20044 20019 20018 20019 20059 20098 20042 20031 20097 20045
 20064 20050 20010 20023 20039 20008 20013 20016 20009 20072
 20082 20015 20072 20098 20043 20089 20069 20025 20086 20096
 20067 20050 20064 20074 20075 20080 20063 20030 20089 20071
 20006 20053 20033 20022 20004 20041 20074 20073 20075 20020
 20051 20057 20098

Array Size = 78
 21000 21000 21002 21002 21003 21005 21006 21006 21007 21007
 21007 21009 21009 21009 21011 21012 21013 21013 21017 21019
 21020 21020 21023 21025 21026 21028 21032 21032 21033 21034
 21037 21040 21041 21041 21042 21042 21043 21043 21046 21047
 21049 21050 21051 21051 21051 21055 21056 21058 21058 21063
 21065 21065 21066 21067 21068 21068 21069 21069 21074 21074
 21077 21077 21077 21078 21080 21081 21084 21087 21089 21090
 21091 21091 21092 21093 21096 21097 21098 21099

Array Size = 90
 22027 22086 22033 22006 22088 22037 22027 22027 22080 22042
 22009 22010 22055 22090 22017 22082 22057 22071 22085 22070
 22061 22076 22062 22076 22082 22041 22099 22063 22080 22019
 22017 22020 22029 22079 22038 22087 22094 22031 22026 22033
 22097 22063 22082 22083 22051 22045 22090 22049 22041 22082
 22043 22050 22069 22033 22053 22082 22041 22098 22090 22005
 22080 22047 22016 22052 22003 22029 22039 22070 22090 22026
 22006 22014 22024 22058 22094 22019 22096 22037 22099 22098
 22022 22031 22089 22084 22006 22020 22015 22057 22043 22099


Array Size = 78
 23003 23007 23008 23008 23008 23008 23009 23011 23013 23013
 23013 23015 23018 23019 23020 23022 23022 23023 23023 23024
 23024 23026 23026 23027 23028 23029 23030 23031 23031 23033
 23035 23036 23036 23041 23041 23044 23046 23048 23048 23048
 23050 23050 23050 23052 23052 23053 23055 23056 23057 23058
 23062 23063 23064 23064 23064 23066 23066 23068 23069 23069
 23070 23071 23074 23076 23077 23077 23079 23079 23080 23084
 23085 23086 23088 23089 23090 23093 23093 23098

Array Size = 34
 24049 24011 24062 24077 24074 24064 24058 24055 24019 24097
 24064 24081 24045 24083 24029 24081 24040 24057 24012 24083
 24019 24047 24051 24007 24002 24071 24017 24012 24093 24079
 24067 24049 24068 24045

Array Size = 47
 25001 25003 25003 25003 25004 25005 25006 25015 25015 25017
 25018 25020 25022 25024 25025 25026 25032 25033 25033 25035
 25038 25040 25045 25047 25047 25050 25052 25053 25058 25058
 25059 25064 25065 25067 25069 25069 25072 25080 25082 25083
 25087 25091 25092 25094 25097 25097 25098

Array Size = 60
 26074 26030 26051 26003 26029 26058 26089 26002 26085 26022
 26018 26021 26075 26091 26065 26080 26014 26065 26049 26001
 26034 26040 26036 26092 26042 26005 26078 26009 26029 26049
 26087 26054 26084 26040 26008 26058 26000 26011 26018 26089
 26039 26053 26084 26002 26070 26021 26057 26065 26031 26013
 26040 26014 26075 26007 26010 26060 26081 26067 26044 26073


Array Size = 67
 27000 27001 27002 27006 27007 27010 27011 27012 27013 27014
 27014 27016 27016 27017 27017 27020 27021 27023 27027 27027
 27027 27029 27029 27031 27033 27033 27035 27036 27037 27039
 27040 27041 27042 27044 27046 27051 27052 27052 27052 27054
 27055 27056 27057 27060 27069 27069 27071 27072 27076 27076
 27076 27078 27080 27081 27082 27085 27085 27085 27086 27087
 27087 27087 27090 27091 27098 27098 27099

Array Size = 46
 28095 28071 28057 28069 28072 28064 28075 28066 28091 28060
 28068 28036 28003 28080 28064 28083 28018 28034 28089 28037
 28018 28068 28000 28082 28053 28082 28011 28027 28039 28002
 28087 28068 28018 28085 28069 28035 28007 28035 28077 28080
 28012 28027 28025 28083 28080 28078

Array Size = 34
 29005 29007 29010 29011 29014 29018 29029 29031 29033 29035
 29039 29041 29043 29043 29043 29046 29051 29052 29052 29054
 29060 29060 29071 29074 29075 29082 29083 29084 29089 29090
 29090 29092 29093 29098

Array Size = 88
 30016 30093 30029 30063 30032 30077 30093 30014 30046 30077
 30071 30096 30016 30044 30028 30059 30078 30072 30034 30011
 30034 30058 30032 30072 30084 30082 30024 30004 30028 30028
 30000 30072 30027 30074 30028 30021 30079 30061 30082 30036
 30026 30004 30083 30036 30076 30009 30007 30000 30061 30057
 30043 30042 30002 30045 30053 30005 30059 30038 30053 30035
 30044 30005 30072 30053 30093 30040 30054 30036 30053 30003
 30043 30029 30055 30088 30009 30047 30003 30061 30097 30038
 30066 30088 30028 30067 30053 30085 30098 30017

Array Size = 92
 31001 31001 31005 31005 31006 31008 31009 31009 31011 31011
 31012 31013 31014 31015 31015 31018 31020 31021 31021 31023
 31024 31025 31026 31026 31027 31027 31027 31027 31029 31031
 31031 31038 31038 31040 31040 31041 31043 31044 31045 31045
 31046 31046 31048 31049 31049 31049 31049 31050 31050 31050
 31054 31059 31061 31061 31062 31062 31064 31065 31067 31067
 31068 31073 31074 31074 31075 31076 31077 31079 31079 31080
 31080 31080 31081 31081 31083 31084 31084 31085 31085 31086
 31087 31089 31092 31093 31094 31095 31095 31096 31097 31097
 31098 31098

Array Size = 17
 32011 32004 32084 32006 32071 32021 32037 32038 32030 32009
 32030 32002 32026 32055 32003 32049 32089

Array Size = 45
 33002 33006 33008 33010 33010 33011 33013 33014 33018 33024
 33025 33025 33026 33027 33028 33037 33042 33044 33045 33047
 33048 33048 33050 33052 33053 33058 33058 33060 33061 33062
 33063 33065 33065 33066 33072 33073 33073 33074 33079 33080
 33083 33096 33096 33097 33098

Array Size = 42
 34077 34000 34099 34081 34065 34039 34052 34018 34029 34098
 34062 34095 34053 34073 34092 34031 34090 34096 34005 34053
 34066 34070 34007 34078 34042 34018 34059 34005 34058 34069
 34046 34043 34076 34098 34052 34086 34004 34042 34047 34003
 34055 34017

Array Size = 70
 35000 35000 35003 35003 35009 35010 35013 35013 35018 35019
 35019 35021 35022 35023 35025 35025 35025 35026 35027 35028
 35028 35029 35029 35032 35033 35033 35035 35035 35036 35038
 35042 35046 35046 35048 35052 35053 35054 35055 35055 35057
 35057 35059 35059 35061 35062 35068 35069 35070 35071 35071
 35072 35075 35079 35083 35084 35084 35088 35090 35090 35091
 35091 35092 35093 35094 35094 35094 35095 35095 35095 35098


Array Size = 25
 36033 36078 36076 36002 36014 36088 36045 36084 36096 36005
 36024 36070 36043 36039 36046 36034 36077 36021 36000 36051
 36071 36090 36001 36083 36098

Array Size = 62
 37002 37002 37005 37010 37011 37013 37016 37016 37017 37017
 37017 37018 37019 37020 37022 37024 37025 37025 37026 37028
 37029 37032 37032 37035 37046 37046 37048 37049 37051 37054
 37054 37056 37058 37059 37061 37061 37062 37062 37065 37069
 37070 37070 37073 37073 37073 37074 37076 37077 37078 37079
 37083 37083 37085 37087 37089 37090 37091 37092 37092 37092
 37094 37097

Array Size = 41
 38089 38061 38090 38091 38081 38079 38003 38029 38088 38035
 38082 38051 38019 38062 38032 38095 38044 38003 38011 38027
 38011 38032 38030 38020 38091 38028 38095 38045 38096 38090
 38067 38088 38037 38024 38053 38041 38047 38049 38048 38097
 38065

Array Size = 17
 39000 39001 39008 39020 39023 39024 39026 39032 39034 39039
 39052 39061 39064 39074 39080 39088 39088

Array Size = 30
 40032 40035 40092 40033 40043 40035 40006 40081 40009 40023
 40036 40060 40076 40080 40082 40096 40028 40031 40000 40079
 40064 40053 40076 40002 40031 40020 40092 40053 40009 40022


Array Size = 29
 41005 41006 41011 41012 41013 41018 41024 41026 41034 41034
 41039 41054 41058 41059 41062 41068 41071 41073 41074 41075
 41076 41078 41079 41087 41089 41093 41093 41094 41095

Array Size = 41
 42096 42096 42090 42040 42013 42047 42083 42001 42037 42095
 42011 42075 42083 42018 42018 42089 42073 42016 42005 42086
 42093 42040 42038 42010 42026 42047 42037 42084 42049 42099
 42051 42094 42073 42043 42085 42001 42063 42006 42098 42024
 42080

Array Size = 79
 43000 43000 43001 43004 43005 43007 43011 43011 43014 43014
 43017 43017 43017 43018 43021 43023 43023 43025 43027 43030
 43031 43033 43033 43033 43034 43038 43039 43039 43039 43042
 43043 43044 43045 43047 43047 43048 43048 43049 43049 43050
 43050 43055 43055 43055 43056 43057 43058 43059 43059 43061
 43061 43062 43063 43067 43068 43070 43071 43072 43072 43075
 43075 43078 43079 43080 43080 43082 43083 43083 43084 43087
 43088 43088 43088 43092 43092 43093 43095 43096 43097

Array Size = 76
 44066 44045 44095 44047 44034 44065 44035 44063 44036 44032
 44040 44073 44057 44046 44033 44048 44056 44020 44064 44007
 44035 44079 44011 44035 44027 44069 44004 44007 44086 44002
 44044 44064 44081 44037 44074 44025 44067 44039 44089 44087
 44070 44042 44044 44077 44061 44080 44095 44087 44095 44006
 44054 44002 44046 44083 44050 44053 44042 44015 44009 44037
 44030 44047 44024 44041 44066 44018 44063 44085 44015 44015
 44095 44018 44027 44006 44079 44064

Array Size = 29
 45000 45008 45010 45012 45013 45021 45023 45026 45031 45031
 45033 45033 45035 45037 45040 45042 45045 45052 45056 45060
 45067 45067 45071 45079 45081 45088 45090 45094 45096

Array Size = 99
 46030 46043 46013 46019 46061 46054 46072 46098 46011 46088
 46099 46055 46022 46007 46077 46050 46034 46062 46090 46004
 46015 46008 46024 46093 46060 46083 46077 46028 46076 46063
 46010 46097 46038 46004 46084 46049 46093 46030 46009 46066
 46004 46028 46077 46068 46080 46032 46069 46097 46027 46031
 46062 46093 46054 46052 46049 46019 46080 46004 46043 46033
 46066 46028 46001 46006 46088 46088 46044 46027 46025 46046
 46096 46001 46038 46071 46014 46088 46070 46023 46000 46053
 46022 46018 46017 46047 46094 46067 46045 46049 46064 46039
 46004 46028 46042 46054 46033 46005 46085 46040 46057

Array Size = 54
 47001 47003 47005 47013 47014 47015 47015 47016 47019 47020
 47020 47022 47023 47025 47026 47027 47028 47037 47037 47041
 47046 47048 47048 47049 47051 47052 47054 47058 47060 47061
 47064 47065 47066 47066 47068 47068 47069 47069 47073 47075
 47079 47080 47082 47083 47086 47087 47088 47089 47090 47093
 47094 47094 47097 47098

Array Size = 58
 48051 48063 48072 48002 48083 48088 48059 48018 48092 48035
 48096 48002 48080 48096 48076 48042 48092 48054 48013 48061
 48099 48029 48078 48090 48004 48032 48086 48027 48083 48089
 48044 48054 48032 48043 48046 48092 48030 48001 48024 48043
 48016 48065 48015 48022 48080 48025 48055 48048 48058 48044
 48005 48063 48045 48013 48056 48043 48070 48021

Array Size = 92
 49000 49001 49002 49003 49003 49005 49005 49005 49006 49007
 49008 49009 49009 49011 49012 49012 49012 49014 49015 49015
 49016 49017 49018 49019 49021 49021 49021 49026 49027 49027
 49028 49028 49028 49030 49031 49033 49035 49036 49036 49037
 49037 49038 49039 49039 49041 49042 49042 49042 49043 49044
 49045 49045 49045 49048 49048 49049 49049 49050 49050 49051
 49053 49055 49055 49056 49058 49061 49063 49065 49065 49065
 49069 49071 49072 49073 49074 49074 49075 49078 49080 49082
 49082 49082 49083 49085 49085 49087 49089 49092 49093 49094
 49097 49098

Array Size = 11
 50036 50087 50004 50069 50027 50064 50074 50022 50032 50030
 50026

Array Size = 68
 51000 51002 51002 51003 51004 51005 51007 51007 51008 51009
 51009 51011 51014 51017 51017 51020 51021 51021 51025 51025
 51026 51028 51028 51028 51029 51030 51032 51036 51038 51041
 51043 51044 51047 51047 51048 51051 51052 51052 51053 51053
 51054 51056 51059 51060 51061 51062 51064 51065 51065 51066
 51067 51067 51069 51069 51071 51075 51075 51076 51078 51081
 51081 51082 51084 51086 51092 51094 51095 51099

Array Size = 86
 52079 52030 52094 52097 52024 52087 52026 52017 52067 52014
 52005 52040 52046 52061 52038 52038 52081 52028 52060 52099
 52074 52016 52039 52051 52085 52007 52087 52087 52052 52051
 52017 52026 52000 52086 52083 52020 52063 52014 52029 52041
 52094 52068 52076 52071 52085 52013 52043 52081 52033 52066
 52017 52084 52069 52033 52030 52044 52018 52056 52015 52012
 52096 52031 52074 52058 52065 52095 52022 52067 52078 52086
 52023 52052 52022 52068 52016 52024 52084 52087 52076 52044
 52071 52048 52002 52047 52066 52021

Array Size = 63
 53000 53001 53003 53004 53005 53005 53009 53010 53010 53011
 53012 53015 53016 53016 53016 53017 53018 53020 53022 53023
 53024 53027 53028 53031 53032 53032 53033 53035 53036 53038
 53042 53044 53046 53046 53047 53048 53051 53052 53054 53056
 53057 53058 53059 53062 53067 53068 53072 53072 53075 53076
 53076 53077 53080 53083 53083 53084 53087 53087 53087 53094
 53094 53096 53099

Array Size = 35
 54033 54051 54098 54046 54044 54083 54054 54033 54090 54065
 54045 54067 54040 54007 54099 54026 54075 54011 54069 54044
 54022 54083 54069 54033 54027 54064 54028 54052 54052 54022
 54012 54014 54084 54022 54084

Array Size = 70
 55000 55001 55006 55006 55008 55009 55009 55012 55013 55015
 55016 55017 55020 55022 55024 55025 55028 55029 55029 55032
 55032 55034 55034 55035 55036 55037 55039 55041 55041 55041
 55043 55043 55045 55049 55050 55051 55054 55054 55056 55057
 55058 55059 55060 55061 55063 55064 55066 55067 55069 55070
 55072 55073 55075 55076 55078 55081 55082 55083 55085 55085
 55086 55087 55088 55090 55090 55091 55091 55093 55097 55097


Array Size = 21
 56060 56066 56032 56023 56083 56036 56024 56064 56051 56003
 56098 56037 56085 56020 56000 56030 56043 56006 56019 56075
 56075

Array Size = 95
 57000 57000 57000 57001 57002 57002 57003 57005 57007 57007
 57010 57011 57012 57013 57014 57015 57015 57017 57017 57019
 57019 57020 57020 57023 57024 57026 57026 57027 57027 57028
 57029 57030 57032 57034 57034 57034 57035 57035 57037 57038
 57040 57041 57042 57042 57045 57046 57046 57047 57047 57049
 57049 57050 57051 57053 57054 57055 57055 57055 57058 57060
 57061 57062 57062 57062 57062 57063 57065 57068 57070 57070
 57072 57073 57074 57075 57076 57077 57077 57078 57081 57083
 57085 57086 57087 57089 57089 57090 57091 57093 57093 57094
 57095 57096 57096 57098 57099

Array Size = 69
 58018 58018 58057 58053 58044 58015 58038 58052 58006 58006
 58090 58069 58071 58021 58080 58019 58019 58003 58093 58001
 58006 58041 58091 58080 58042 58082 58036 58064 58037 58062
 58014 58062 58007 58034 58055 58054 58091 58083 58012 58043
 58034 58015 58021 58060 58060 58016 58080 58057 58022 58014
 58014 58087 58005 58019 58065 58017 58053 58012 58074 58068
 58098 58043 58085 58031 58031 58002 58070 58014 58009

Array Size = 57
 59007 59008 59008 59010 59011 59012 59012 59018 59019 59024
 59026 59029 59030 59030 59032 59033 59037 59041 59041 59043
 59044 59045 59046 59046 59046 59047 59048 59050 59052 59056
 59059 59061 59063 59064 59065 59065 59066 59066 59067 59067
 59067 59068 59068 59070 59073 59075 59081 59082 59083 59084
 59085 59091 59092 59094 59094 59095 59097

Array Size = 96
 60085 60053 60072 60008 60061 60091 60022 60089 60060 60078
 60041 60025 60059 60067 60065 60059 60031 60060 60029 60086
 60023 60020 60068 60019 60093 60033 60013 60068 60068 60007
 60016 60075 60021 60040 60083 60043 60042 60041 60058 60065
 60079 60020 60076 60074 60083 60087 60064 60019 60052 60072
 60057 60026 60010 60048 60021 60072 60013 60006 60069 60050
 60077 60005 60018 60094 60071 60019 60066 60042 60032 60024
 60047 60046 60021 60089 60041 60090 60012 60023 60096 60091
 60074 60046 60057 60001 60032 60098 60091 60022 60024 60092
 60087 60072 60028 60051 60045 60037

Array Size = 77
 61000 61002 61004 61005 61006 61006 61006 61006 61007 61010
 61013 61014 61015 61018 61019 61023 61024 61027 61027 61029
 61033 61034 61034 61037 61038 61038 61039 61041 61042 61044
 61045 61045 61046 61047 61047 61047 61048 61048 61048 61049
 61049 61051 61053 61053 61057 61058 61060 61060 61061 61063
 61064 61065 61065 61074 61075 61076 61078 61078 61085 61085
 61086 61087 61087 61088 61088 61088 61089 61091 61091 61091
 61091 61093 61094 61096 61097 61098 61098

Array Size = 74
 62034 62030 62089 62035 62016 62055 62087 62062 62034 62034
 62022 62098 62065 62045 62030 62029 62066 62077 62058 62075
 62071 62057 62076 62067 62063 62053 62068 62080 62019 62037
 62030 62053 62015 62055 62014 62028 62085 62013 62076 62003
 62036 62090 62033 62026 62006 62020 62068 62057 62011 62064
 62097 62021 62004 62078 62092 62088 62039 62006 62038 62049
 62065 62017 62037 62091 62061 62097 62010 62009 62032 62095
 62069 62041 62077 62013

Array Size = 59
 63000 63001 63002 63003 63016 63017 63020 63023 63029 63031
 63034 63034 63034 63035 63035 63036 63038 63038 63040 63041
 63043 63044 63047 63048 63050 63051 63051 63051 63055 63057
 63057 63061 63062 63062 63066 63067 63067 63069 63070 63071
 63074 63076 63079 63080 63082 63084 63087 63088 63091 63091
 63091 63093 63093 63093 63093 63094 63095 63096 63097

Array Size = 76
 64095 64089 64036 64024 64026 64026 64038 64065 64046 64064
 64062 64089 64032 64059 64051 64035 64005 64072 64056 64068
 64055 64008 64027 64098 64007 64060 64095 64065 64085 64013
 64054 64018 64015 64013 64020 64070 64039 64069 64019 64025
 64060 64092 64062 64059 64056 64061 64091 64050 64091 64097
 64002 64053 64010 64084 64094 64054 64076 64024 64050 64048
 64088 64032 64045 64010 64014 64059 64003 64060 64099 64038
 64025 64022 64050 64009 64040 64024

Array Size = 60
 65000 65002 65003 65004 65004 65005 65006 65007 65008 65014
 65016 65017 65017 65018 65023 65025 65034 65045 65050 65051
 65053 65054 65055 65055 65055 65056 65057 65059 65059 65059
 65059 65061 65063 65065 65071 65072 65072 65072 65073 65076
 65076 65077 65080 65081 65082 65083 65085 65085 65086 65086
 65091 65091 65094 65095 65097 65098 65098 65098 65099 65099


Array Size = 23
 66084 66013 66022 66024 66022 66086 66005 66056 66011 66044
 66064 66068 66026 66059 66021 66040 66003 66062 66019 66095
 66026 66055 66006

Array Size = 30
 67000 67000 67002 67002 67007 67011 67014 67024 67024 67028
 67029 67030 67032 67033 67035 67040 67041 67046 67047 67052
 67057 67063 67076 67077 67078 67086 67091 67092 67098 67099


Array Size = 90
 68093 68052 68076 68029 68097 68090 68071 68004 68049 68078
 68039 68084 68092 68006 68015 68061 68041 68045 68010 68079
 68067 68006 68036 68050 68074 68088 68095 68015 68000 68016
 68022 68004 68067 68009 68051 68076 68001 68040 68013 68071
 68022 68029 68089 68059 68023 68021 68034 68078 68084 68041
 68051 68093 68058 68034 68068 68069 68012 68085 68021 68079
 68032 68096 68035 68035 68082 68040 68002 68080 68023 68067
 68030 68009 68077 68019 68015 68046 68031 68061 68020 68082
 68026 68086 68053 68086 68021 68083 68067 68046 68033 68022


Array Size = 29
 69005 69012 69016 69016 69018 69021 69028 69029 69031 69033
 69042 69045 69045 69051 69053 69056 69057 69062 69063 69066
 69068 69071 69075 69077 69080 69091 69095 69098 69098

Array Size = 82
 70075 70099 70082 70095 70067 70016 70052 70006 70039 70083
 70052 70099 70055 70058 70081 70065 70097 70062 70017 70057
 70069 70076 70022 70086 70093 70030 70012 70059 70007 70043
 70037 70010 70002 70073 70027 70052 70072 70082 70030 70003
 70009 70009 70064 70060 70042 70037 70002 70050 70063 70038
 70089 70023 70086 70050 70069 70057 70024 70066 70072 70025
 70099 70086 70096 70050 70053 70088 70041 70042 70046 70070
 70076 70099 70009 70022 70070 70093 70090 70021 70089 70072
 70011 70056

Array Size = 16
 71005 71005 71024 71025 71030 71041 71056 71060 71063 71064
 71064 71067 71068 71077 71082 71083

Array Size = 59
 72033 72038 72072 72017 72033 72079 72073 72007 72079 72006
 72078 72052 72037 72081 72039 72044 72061 72093 72075 72089
 72057 72082 72018 72091 72048 72087 72005 72005 72024 72017
 72017 72093 72095 72065 72072 72020 72060 72046 72022 72012
 72013 72086 72094 72057 72007 72033 72001 72063 72032 72024
 72027 72079 72005 72032 72099 72022 72085 72045 72010

Array Size = 57
 73001 73001 73006 73007 73010 73011 73012 73016 73016 73016
 73017 73021 73021 73022 73022 73022 73023 73025 73026 73027
 73027 73030 73030 73035 73040 73043 73043 73043 73044 73046
 73047 73051 73053 73054 73055 73055 73058 73064 73067 73069
 73073 73073 73075 73076 73081 73086 73086 73087 73087 73088
 73090 73093 73094 73095 73098 73098 73099

Array Size = 73
 74072 74051 74086 74022 74047 74073 74024 74074 74073 74031
 74030 74037 74070 74017 74048 74076 74022 74015 74032 74044
 74040 74023 74097 74010 74067 74043 74096 74033 74037 74059
 74043 74048 74092 74068 74041 74038 74049 74066 74024 74044
 74020 74036 74008 74032 74021 74063 74087 74031 74012 74025
 74082 74050 74026 74076 74029 74009 74075 74008 74055 74058
 74058 74092 74028 74032 74097 74079 74066 74012 74018 74038
 74085 74031 74036

Array Size = 48
 75008 75009 75010 75012 75014 75016 75019 75021 75022 75022
 75023 75025 75028 75030 75031 75032 75034 75035 75037 75043
 75044 75044 75047 75048 75049 75050 75052 75062 75063 75066
 75067 75069 75073 75075 75075 75075 75078 75080 75081 75081
 75086 75088 75089 75091 75092 75093 75094 75099

Array Size = 62
 76050 76012 76064 76061 76088 76037 76033 76061 76041 76024
 76027 76024 76001 76021 76066 76078 76083 76076 76033 76018
 76074 76075 76020 76016 76052 76042 76030 76042 76068 76056
 76081 76086 76029 76051 76009 76060 76095 76080 76031 76055
 76024 76089 76047 76069 76023 76076 76028 76058 76075 76055
 76054 76032 76098 76036 76088 76059 76055 76032 76012 76069
 76028 76031

Array Size = 97
 77000 77002 77003 77005 77005 77005 77008 77009 77010 77010
 77011 77013 77013 77013 77014 77014 77015 77016 77016 77016
 77016 77019 77022 77022 77023 77023 77024 77026 77026 77030
 77030 77030 77032 77032 77032 77035 77035 77036 77036 77037
 77038 77038 77040 77041 77041 77042 77043 77043 77046 77047
 77050 77051 77051 77051 77052 77054 77055 77055 77056 77059
 77062 77062 77062 77063 77065 77067 77067 77068 77070 77070
 77071 77072 77072 77072 77072 77075 77076 77077 77078 77078
 77079 77079 77079 77080 77084 77084 77084 77085 77087 77087
 77087 77091 77091 77093 77096 77096 77098

Array Size = 31
 78036 78019 78034 78053 78062 78019 78083 78058 78083 78056
 78050 78074 78096 78030 78001 78017 78028 78005 78022 78032
 78086 78096 78079 78006 78019 78012 78009 78018 78033 78036
 78072

Array Size = 77
 79000 79000 79002 79003 79009 79009 79009 79009 79012 79013
 79013 79014 79014 79014 79015 79015 79017 79017 79017 79018
 79019 79019 79020 79021 79022 79022 79024 79028 79029 79030
 79032 79033 79034 79034 79034 79036 79036 79037 79038 79041
 79041 79042 79044 79044 79049 79049 79050 79050 79051 79053
 79053 79057 79062 79062 79062 79063 79064 79067 79069 79072
 79074 79074 79075 79077 79077 79078 79078 79084 79086 79086
 79087 79087 79093 79094 79094 79095 79097

Array Size = 26
 80054 80008 80008 80062 80094 80080 80083 80036 80023 80018
 80053 80070 80004 80025 80032 80060 80006 80018 80029 80029
 80036 80049 80071 80083 80056 80069

Array Size = 89
 81001 81003 81003 81003 81004 81004 81006 81007 81009 81009
 81011 81011 81011 81013 81017 81017 81018 81019 81021 81023
 81026 81027 81029 81030 81033 81034 81034 81035 81036 81037
 81037 81037 81040 81041 81042 81043 81044 81045 81046 81047
 81048 81048 81051 81052 81052 81052 81053 81054 81054 81054
 81054 81056 81056 81058 81059 81060 81061 81061 81061 81062
 81063 81067 81071 81071 81074 81075 81076 81077 81080 81080
 81080 81084 81084 81084 81088 81089 81091 81092 81092 81093
 81094 81094 81094 81094 81098 81098 81098 81099 81099

Array Size = 78
 82043 82017 82053 82077 82087 82080 82065 82081 82047 82093
 82030 82033 82057 82058 82004 82006 82099 82079 82031 82036
 82003 82082 82051 82015 82024 82084 82005 82005 82076 82099
 82038 82040 82067 82046 82040 82032 82087 82071 82093 82091
 82076 82003 82035 82094 82016 82022 82067 82050 82024 82089
 82051 82022 82006 82082 82082 82088 82056 82000 82062 82045
 82072 82060 82057 82070 82091 82040 82037 82066 82098 82072
 82021 82084 82052 82087 82096 82052 82071 82067

Array Size = 37
 83004 83004 83005 83007 83009 83010 83011 83015 83020 83022
 83026 83029 83031 83035 83041 83041 83041 83045 83051 83053
 83055 83058 83058 83063 83065 83066 83066 83068 83068 83070
 83071 83078 83079 83079 83082 83093 83097

Array Size = 87
 84047 84092 84056 84020 84057 84017 84032 84063 84048 84019
 84095 84067 84021 84095 84099 84004 84064 84024 84042 84035
 84015 84034 84046 84033 84095 84080 84056 84041 84003 84042
 84070 84073 84046 84003 84044 84096 84004 84016 84053 84092
 84008 84056 84068 84016 84008 84096 84072 84060 84077 84014
 84035 84014 84043 84048 84061 84030 84042 84053 84012 84003
 84043 84079 84025 84020 84099 84009 84090 84004 84008 84084
 84026 84006 84031 84077 84010 84091 84059 84011 84017 84093
 84045 84062 84048 84009 84083 84032 84099

Array Size = 42
 85000 85002 85004 85007 85008 85009 85017 85020 85022 85023
 85028 85029 85030 85033 85034 85035 85037 85037 85038 85040
 85043 85045 85051 85051 85054 85058 85058 85058 85063 85064
 85066 85066 85070 85071 85072 85078 85078 85079 85080 85081
 85096 85097

Array Size = 93
 86081 86099 86028 86002 86088 86072 86035 86046 86019 86039
 86011 86096 86038 86034 86069 86021 86067 86047 86090 86091
 86056 86041 86009 86013 86029 86026 86021 86085 86068 86064
 86092 86033 86031 86052 86043 86000 86039 86073 86073 86027
 86036 86050 86018 86009 86063 86041 86025 86067 86099 86080
 86054 86051 86094 86056 86089 86065 86039 86013 86096 86045
 86091 86038 86048 86046 86081 86026 86026 86009 86047 86031
 86038 86003 86089 86013 86061 86086 86099 86054 86037 86086
 86030 86069 86088 86014 86069 86070 86057 86065 86091 86049
 86042 86048 86051

Array Size = 36
 87006 87009 87010 87020 87022 87023 87027 87027 87028 87033
 87036 87038 87040 87040 87042 87043 87043 87045 87046 87049
 87051 87052 87053 87063 87065 87068 87079 87080 87081 87087
 87093 87094 87095 87097 87098 87098

Array Size = 56
 88039 88062 88092 88095 88020 88014 88090 88027 88018 88044
 88022 88067 88047 88065 88061 88086 88031 88013 88070 88005
 88065 88059 88039 88004 88068 88083 88064 88047 88061 88011
 88025 88096 88017 88092 88045 88069 88086 88006 88072 88091
 88073 88060 88013 88001 88052 88090 88027 88042 88078 88074
 88070 88066 88071 88079 88061 88048

Array Size = 89
 89000 89000 89002 89002 89004 89005 89005 89005 89006 89009
 89009 89009 89009 89009 89010 89011 89020 89023 89023 89024
 89025 89027 89028 89032 89034 89035 89037 89037 89037 89037
 89037 89039 89039 89041 89043 89044 89044 89045 89046 89048
 89048 89049 89049 89050 89051 89053 89053 89054 89054 89055
 89055 89055 89057 89062 89063 89064 89066 89068 89068 89069
 89071 89071 89072 89074 89076 89077 89078 89079 89079 89080
 89083 89083 89084 89085 89085 89086 89086 89087 89087 89088
 89090 89090 89093 89093 89095 89097 89098 89099 89099

Array Size = 41
 90087 90062 90070 90005 90022 90033 90035 90030 90096 90038
 90066 90084 90005 90086 90025 90004 90077 90008 90009 90010
 90060 90030 90081 90062 90096 90045 90044 90010 90035 90081
 90025 90061 90059 90029 90088 90021 90030 90037 90051 90093
 90041

Array Size = 78
 91000 91000 91001 91001 91002 91002 91003 91006 91006 91007
 91011 91012 91012 91013 91013 91014 91016 91020 91021 91022
 91024 91028 91029 91030 91031 91033 91034 91034 91036 91036
 91039 91046 91048 91048 91049 91049 91049 91049 91051 91051
 91052 91053 91053 91054 91055 91056 91058 91059 91061 91062
 91063 91064 91065 91066 91067 91067 91067 91069 91070 91072
 91073 91077 91078 91080 91080 91081 91081 91084 91084 91089
 91093 91093 91094 91094 91095 91096 91097 91097

Array Size = 77
 92091 92076 92012 92071 92010 92081 92022 92026 92032 92014
 92007 92021 92051 92090 92037 92030 92079 92018 92005 92018
 92089 92058 92072 92037 92035 92079 92034 92079 92043 92030
 92086 92057 92060 92035 92097 92074 92053 92017 92031 92088
 92058 92058 92035 92061 92003 92047 92027 92082 92005 92094
 92064 92094 92072 92040 92045 92022 92009 92030 92095 92037
 92047 92001 92042 92065 92094 92075 92093 92029 92075 92003
 92035 92004 92037 92076 92042 92073 92029

Array Size = 94
 93000 93001 93003 93005 93008 93009 93009 93011 93011 93011
 93011 93012 93014 93016 93016 93016 93018 93019 93020 93021
 93024 93025 93025 93026 93027 93027 93027 93028 93029 93029
 93029 93030 93031 93034 93034 93034 93035 93035 93036 93037
 93037 93039 93041 93042 93043 93043 93043 93043 93045 93045
 93045 93046 93046 93047 93048 93049 93049 93050 93050 93052
 93053 93054 93056 93056 93056 93057 93060 93061 93062 93062
 93065 93065 93067 93074 93079 93079 93082 93083 93083 93087
 93088 93090 93091 93091 93091 93092 93094 93094 93095 93095
 93095 93096 93098 93098

Array Size = 66
 94070 94073 94088 94069 94060 94060 94081 94090 94022 94083
 94036 94062 94087 94042 94083 94005 94037 94039 94046 94060
 94020 94064 94054 94021 94073 94042 94057 94056 94016 94081
 94029 94017 94009 94095 94005 94003 94015 94059 94058 94059
 94041 94088 94037 94068 94022 94002 94094 94002 94027 94016
 94083 94018 94022 94069 94068 94077 94029 94052 94054 94027
 94070 94038 94097 94041 94070 94087

Array Size = 92
 95001 95001 95002 95003 95003 95004 95005 95006 95008 95008
 95009 95009 95009 95009 95010 95011 95013 95014 95017 95018
 95021 95021 95022 95023 95025 95028 95032 95033 95033 95034
 95036 95037 95038 95038 95040 95041 95041 95044 95045 95046
 95048 95049 95050 95050 95052 95052 95054 95055 95055 95056
 95056 95057 95058 95058 95059 95064 95066 95066 95066 95066
 95068 95068 95069 95070 95071 95071 95072 95075 95075 95075
 95076 95076 95077 95080 95080 95082 95084 95085 95085 95085
 95085 95086 95087 95090 95092 95092 95093 95094 95097 95097
 95098 95098

Array Size = 32
 96046 96048 96083 96088 96025 96037 96005 96061 96013 96014
 96001 96069 96072 96016 96019 96074 96002 96091 96056 96004
 96096 96009 96098 96068 96010 96026 96019 96044 96061 96086
 96026 96071

Array Size = 36
 97000 97004 97004 97012 97014 97020 97021 97022 97022 97023
 97030 97034 97034 97040 97045 97046 97047 97047 97050 97052
 97064 97067 97067 97068 97076 97078 97081 97084 97085 97085
 97087 97091 97091 97093 97097 97099

Array Size = 49
 98017 98010 98058 98080 98037 98035 98037 98041 98023 98029
 98034 98021 98071 98097 98042 98028 98085 98015 98092 98022
 98054 98089 98061 98008 98056 98025 98013 98014 98077 98045
 98052 98019 98049 98059 98038 98049 98083 98005 98090 98017
 98003 98078 98034 98027 98002 98011 98040 98036 98084

Array Size = 47
 99001 99006 99011 99012 99013 99014 99016 99018 99018 99021
 99022 99022 99026 99028 99033 99034 99034 99035 99037 99043
 99048 99049 99051 99055 99056 99059 99060 99061 99061 99063
 99065 99068 99071 99073 99081 99081 99082 99083 99086 99087
 99087 99091 99092 99092 99093 99093 99096
