1     18   43.99
2     79   70.99
3     65   49.99
4     90   45.99
5     63    8.99
6     90   85.99
7     73   38.99
8     29   36.99
9      9   29.99
10    99   68.99
11    74   76.99
12    70   81.99
13     6   93.99
14    10   25.99
15    37   65.99
16    62   22.99
17    26   76.99
18    57   93.99
19    63   43.99
20    50   32.99
21    25   76.99
22    42   61.99
23    95   23.99
24    24   10.99
25    67   91.99
26    67   68.99
27     5   89.99
28    66   78.99
29    60   33.99
30    96   20.99
31     1   69.99
32    97   62.99
33    30   77.99
34    67    0.99
35    35   36.99
36    91   34.99
37    84   12.99
38    50   80.99
39    60   83.99
40    43   75.99
41    40   61.99
42     3   96.99
43    77   46.99
44    52   38.99
45     6    1.99
46    11   75.99
47    89    2.99
48    38   99.99
49    65   27.99
50     3    1.99
